19
17
19
220
81
53
217
684
218
132
273
300
178
395
188
505
207
461
43
43
43
43
43
43
43
43
43
43
43
43
694
43
43
43
43
43
43
43
43
138
75
26
432
179
109
170
463
410
148
180
132
111
57
291
444
217
102
76
160
48
274
145
86
352
60
129
258
95
106
114
26
275
82
514
90
707
117
398
26
110
92
26
360
432
247
59
294
120
94
95
77
375
65
565
118
241
228
26
72
108
91
415
523
538
26
205
141
103
151
392
26
432
382
83
44
53
62
438
596
307
26
247
80
62
124
145
389
26
646
400
106
59
26
333
677
291
49
275
120
138
82
845
52
354
94
63
249
26
197
301
191
48
78
26
373
589
75
166
275
117
136
607
26
78
56
103
291
77
431
456
26
314
364
98
46
251
129
81
76
42
271
131
421
26
83
120
90
102
304
241
77
112
466
179
117
78
422
127
93
86
49
259
462
147
26
339
343
393
66
79
189
26
506
332
83
123
86
425
86
221
26
210
127
77
103
153
123
386
142
278
93
75
508
85
92
89
140
198
99
158
76
129
914
95
113
517
95
231
90
6173
607
2342
658
1838
2977
2087
1804
1836
2856
1446
2364
1471
1909
1585
2742
1152
2007
1287
2791
952
1328
1718
2590
2409
2161
2974
1999
2571
2553
1235
1611
1644
1531
2221
2039
2973
1408
2749
24
676
680
939
971
677
1722
1080
1130
1039
1313
1474
1756
865
1179
1952
1291
1249
1432
787
1013
1276
858
987
959
959
808
828
569
929
826
962
171
865
1778
1233
2273
1111
856
532
1161
978
501
451
1457
881
776
835
865
1478
1006
814
841
494
438
707
885
1193
1026
919
1266
177
661
1253
1345
845
955
1588
1328
1051
414
759
917
633
552
900
173
482
1266
1120
1474
453
915
1082
718
932
1238
553
1490
836
562
1103
994
679
1275
807
1398
556
889
1005
731
1346
877
849
943
956
1060
446
595
887
797
1061
1271
1159
478
853
2361
2011
1521
1405
1557
384
1311
2006
2225
184
1655
1295
1892
184
1851
1166
1707
1959
2707
1511
2058
3701
1839
1968
1445
2472
431
2370
888
1731
2289
2317
2516
2470
1401
184
2329
2840
184
2450
2670
2751
2872
935
184
2339
2732
2091
1832
2260
1700
2034
184
1811
1862
1925
3399
1941
184
3064
1680
2032
184
82
82
82
82
82
82
82
82
704
82
82
82
82
82
82
82
82
82
82
82
82
82
82
82
82
82
82
82
82
82
82
82
82
82
82
82
82
82
82
82
82
82
82
185
82
82
82
82
82
82
82
82
82
82
82
82
82
82
82
82
82
82
82
82
82
82
82
1992
794
1252
1213
2439
3574
4657
683
2902
1176
2248
1806
784
2213
1692
818
1810
2957
1312
982
1148
623
2212
24
26906
15853
168
167
169
1049
2255
168
1210
1399
1880
1675
1667
948
174
5353
11963
170
3703
10533
1416
3314
172
3066
10
1444
637
1407
546
570
824
221
917
974
1356
1735
1464
1181
737
502
793
665
518
725
503
1644
695
797
916
879
1147
821
557
597
1263
1334
1585
1757
2068
742
1542
1208
902
3033
3208
919
866
1565
518
1778
946
1315
730
347
1805
1434
562
688
185
1726
606
2342
1501
1547
1790
1714
1180
1800
1030
1922
2619
2575
1151
1866
1006
28
798
29
91
18
103
593
804
103
570
103
775
1156
636
1039
103
640
220
103
518
716
502
979
103
453
569
163
163
163
163
3089
150
101
189
387
2973
3561
2276
220
4182
2455
822
1221
459
318
98
1012
937
2529
1113
2921
649
2926
1852
327
307
332
153
313
3548
664
213
394
3490
751
1661
901
298
1826
1313
924
398
1832
535
451
2079
2581
387
451
445
710
334
627
547
113
382
163
6800
431
3387
283
427
484
48
0
108
2296
1447
2901
2598
3780
108
2900
309
2955
108
1315
2060
108
108
3925
1726
375
1733
1350
3090
2032
2906
2627
1640
108
513
108
108
108
1461
108
3865
3746
108
1421
108
108
108
2045
4375
108
108
108
2486
3189
2270
108
25
707
14
1346
3060
1751
717
872
1320
1983
1994
2028
2022
2487
930
1755
1011
871
1639
1551
5610
