Week Of	                    	Total     Current Since
2020-04-20	                221095	  43315	  43315
2020-04-27	                224295	  3200	  46515
2020-05-04	                224295	  0	      46515
2020-05-11	                227031	  2736	  49251
2020-05-18	                231445	  4414	  53665
2020-05-25	                233508	  2063	  55728
2020-06-01	                273059	  39551	  95279
2020-06-08	                277971	  4912	  100191
2020-06-15	                286995	  9024	  109215
2020-06-22	                305863	  18868	  128083
2020-06-29	                378783	  72920	  201003
2020-07-06	                403107	  24324	  225327
2020-07-13	                455136	  52029	  277356
2020-07-21	                461952	  6816	  284172
2020-07-27	                484932	  22980	  307152
2020-08-03	                524000	  39068	  346220
2020-08-31	                769123	  245123  591343
2020-09-14	                872175	  103052  694395
2020-09-21	                863519	  -8656	  685739
2020-09-28	                884528	  21009	  706748
2020-10-12	                940794	  56266	  763014
2020-10-26	                994161	  53367	  816381
2020-11-02	                1046072	  51911	  868292
2020-11-09	                1080786	  34714	  903006
2020-11-16	                1105046	  24260	  927266
2020-11-23	                1185668	  80622	  1007888
2020-11-30 	                1232570   28952   1054790
====================================================
Week Of	     Theo    Prayers Total   Current Since
2020-12-10   325611  1176342 1501953 1176879 1324173
2020-12-14   325611  1234625 1560236 58283	  1382456
2020-12-31   336381  1341398 1677779 117543	  1499999
2021-01-04   347184  1298698 1645882 -31897	  1468102
2021-01-11   349012  1286447 1635459 46096  	1457679
2021-01-18   354430  1582218 1936648 301189  1758868
2021-02-01   365406  1322917 1688323 28613  1510543
2021-02-08   371557  1329777 1701334 13011  1523554
2021-02-22   374805  1346040 1720845 19511  1543065
2021-03-01   381776  1362601 1744377 23532  1566597
2021-03-08   388700  1366809 1755509 11132   1577729
2021-03-15   386845  1366852 1753697 -1812   1575917
2021-03-22   386845  1369213 1756058 2361   1578278
2021-04-05   426275  1425514 1851789 3263   1674009
2021-04-12   422356  1372427 1794783 -57006 1617003
2021-04-14   429898  1426095 1855993 61210  1678213
2021-04-21   439024  1437276 1876300 265285 1698520
2021-04-29   448699  1439146 1887845 66333  1710065
2021-05-05   457879  1439790 1897669 60921  1719889
2021-05-28   466393  1458207 1924600 26931 1746820
2021-06-14   487065  1471262 1958327 33727 1780547
2021-06-22   502587  1475313 1977900 19573 1800120
2021-09-05   629161  1503169 2132330 154430 1954550
2021-12-19   778982  1503169 2282151 149821 2104371
2022-03-27   733274  1252134 1985408 -296743 1807628
2022-03-27   733274  1252134 1985408 0 1807628
2022-05-09   740235  1253517 1993752 8344 1815972
2022-09-23   832394  1253557 2085951 92199 1908171
2022-11-15   973965  1253557 2227522 141571 2049742
2022-12-05  1005569  1253557 2259126 31604 2081346
2023-02-07  1064258  1253557 2317815 58689 2140035
2023-04-23  1282919  1253584 2536503 218688 2358723
